1207		325		306		1275 
765			289		311		1267 
1220		281		341		1254 
441			166		203		875 
1344		240		236		1290 
1237		222		254		1272 
1128		35		8		625 
1116		247		261		1264 
208			98		76		375 
93			276		227		875 
1708		115		70		875 
654			245		213		1257 
817			37		5		375 
1132		296		333		1266 
842			316		308		1281 
42			87		94		375 
1087		23		39		625 
239			263		265		875 
1201		114		134		875 
1921		259		223		1274 
1367		133		89		875 
849			291		298		1270 
608			278		248		1254 
700			192		186		875 
578			162		176		875 
1870		42		42		625 
496			328		295		1270 
65			47		16		112 
1777		286		344		1262 
1789		299		340		1283 
976			128		100		625 
1295		0		55		625 
761			108		95		625 
95			129		133		375 
945			159		161		875 
1647		228		244		1281 
65			100		134		375 
197			149		153		625 
739			97		100		625 
620			107		121		625 
1465		70		138		875 
1588		52		4		625 
1892		112		99		875 
1177		220		243		1269 
493			307		287		1264 
731			81		97		625 
1000		15		18		625 
821			15		50		375 
1076		32		4		625 
113			344		291		1270 
1480		144		204		1259 
1945		60		4		625 
1186		182		174		1273 
1145		32		31		625 
1755		214		226		1259 
1414		74		107		875 
1625		244		220		1269 
182			159		199		625 
20			328		294		1275 
1781		166		155		1277 
288			43		17		97 
1515		70		81		875 
268			98		72		375 
554			120		84		625 
1373		98		124		875 
375			296		314		1265 
168			7		27		111 
653			66		62		375 
1766		314		326		1304 
1836		283		335		1257 
88			181		207		625 
0			330		340		1253 
849			220		253		1269 
894			336		329		1271 
1027		94		99		875 
776			112		70		625 
366			60		9		108 
51			96		112		375 
321			151		158		625 
1140		331		291		1267 
91			71		87		375 
1260		268		246		1271 
1791		262		226		1278 
226			295		311		1266 
1476		210		230		1252 
815			136		117		625 
337			85		99		375 
621			64		32		375 
1205		235		239		1275 
806			308		305		1288 
661			118		72		625 
466			128		117		625 
380			167		173		625 
1882		323		312		1302 
1019		299		301		1253 
649			35		27		375 
1519		301		321		1286 
1132		78		108		875 
1284		158		201		1266 
467			98		107		625 
1191		207		174		1255 
1993		258		269		1269 
470			194		208		875 
1056		237		266		1257 
917			335		294		1267 
1842		257		230		1285 
1536		335		337		1306 
1738		334		329		1306 
1056		173		172		1257 
1893		296		304		1278 
1017		111		77		875 
112			151		201		625 
1094		104		122		875 
1116		284		341		1259 
1311		134		86		875 
1168		266		225		1271 
1684		124		128		875 
1525		249		261		1282 
832			195		195		875 
616			298		287		1264 
37			348		340		1281 
278			182		181		625 
1954		72		127		875 
959			326		339		1259 
1226		323		334		1277 
341			62		17		111 
1427		163		174		1289 
18			291		319		1270 
618			73		96		625 
67			69		1		123 
181			272		255		875 
1582		152		182		1272 
1384		323		321		1294 
851			169		195		875 
635			79		117		625 
1599		118		96		875 
8			304		302		1271 
1360		200		154		1268 
671			269		273		1262 
1001		167		194		1250 
59			106		84		375 
826			141		195		875 
1410		119		72		875 
1387		340		289		1267 
1796		212		210		1252 
411			181		198		875 
1934		186		204		1261 
546			145		175		875 
513			293		345		1273 
384			204		147		625 
1719		300		298		1281 
242			314		297		1276 
29			134		71		375 
1710		31		39		625 
1844		128		116		875 
682			309		313		1298 
1657		128		121		875 
1595		226		235		1278 
1025		105		111		875 
830			43		54		375 
1512		344		301		1286 
867			277		270		1255 
12			332		313		1280 
810			175		168		875 
100			76		117		375 
601			159		205		875 
1717		149		151		1267 
731			215		213		1257 
1030		66		31		625 
1356		201		180		1266 
3			224		216		875 
1509		146		170		1262 
1115		2		50		625 
589			80		87		625 
501			209		191		875 
371			14		3		118 
1686		284		307		1259 
694			255		259		1285 
368			244		277		875 
1887		335		287		1264 
1832		149		208		1254 
1497		105		103		875 
1340		150		190		1269 
210			149		152		625 
1970		123		106		875 
1494		164		181		1290 
1155		91		89		875 
1280		88		78		875 
1736		27		29		625 
666			283		304		1257 
497			297		337		1270 
1884		270		233		1268 
1113		255		230		1264 
1304		304		319		1286 
617			258		226		1278 
471			10		2		375 
1596		201		159		1266 
467			335		310		1264 
597			188		141		875 
1825		342		339		1306 
1480		57		55		625 
1386		225		275		1259 
1333		345		299		1283 
1640		280		324		1252 
896			316		305		1271 
923			38		29		375 
606			284		340		1259 
87			114		86		375 
442			38		68		375 
100			94		92		375 
315			290		308		1269 
1033		106		87		875 
670			155		172		875 
1687		9		56		625 
187			250		263		875 
130			295		309		1277 
1114		130		100		875 
449			267		251		1260 
621			172		176		875 
1465		152		141		1254 
441			240		232		1259 
1833		13		22		625 
43			64		32		114 
1381		311		314		1294 
150			22		58		105 
184			29		29		112 
389			324		295		1257 
946			333		336		1261 
964			334		314		1258 
190			179		190		625 
1600		299		348		1283 
865			233		213		1257 
1786		277		246		1255 
1011		319		339		1252 
1886		231		273		1262 
406			274		236		1252 
1174		190		188		1271 
1346		53		39		625 
181			5		31		115 
1577		78		109		875 
1387		254		266		1274 
1143		293		289		1267 
2			193		149		625 
1350		259		267		1273 
188			79		96		375 
266			277		225		875 
1094		170		201		1262 
1747		83		110		875 
1267		183		145		1260 
678			74		87		625 
1427		282		298		1255 
706			66		36		375 
306			42		51		95 
1682		301		327		1286 
1910		209		176		1252 
1328		329		317		1288 
1135		223		217		1264 
144			176		144		625 
55			121		116		375 
902			33		61		375 
1184		28		60		625 
392			60		64		120 
1400		136		78		875 
1546		125		129		875 
1180		226		230		1272 
154			167		172		625 
1126		237		220		1266 
195			345		285		1254 
234			196		169		625 
745			326		315		1298 
1866		175		191		1282 
1363		107		75		875 
1003		88		132		875 
1361		103		119		875 
1920		215		238		1260 
1698		137		126		875 
775			30		16		375 
1592		37		63		625 
119			216		266		875 
1215		58		20		625 
1309		68		55		625 
286			290		321		1269 
1858		331		333		1306 
1821		46		17		625 
1077		26		6		625 
187			161		149		625 
984			83		73		625 
178			256		216		875 
533			221		240		1270 
1159		16		62		625 
1323		229		245		1283 
1700		298		345		1281 
1008		190		147		1251 
709			127		98		625 
1342		262		227		1280 
1310		264		268		1271 
1747		120		111		875 
1687		73		101		875 
79			171		195		625 
1709		326		331		1306 
842			208		147		875 
1943		58		35		625 
1055		348		310		1257 
467			261		262		1264 
1368		105		117		875 
1924		344		304		1290 
1035		145		153		1255 
678			33		24		375 
1617		178		191		1282 
1810		256		224		1275 
1298		17		33		625 
1572		265		213		1257 
1552		75		128		875 
294			233		247		875 
457			290		291		1262 
424			296		347		1255 
20			83		74		375 
1651		171		173		1300 
1438		316		285		1260 
1896		343		309		1298 
12			193		160		625 
1283		42		25		625 
1580		18		53		625 
956			70		98		625 
202			251		251		875 
1585		201		181		1266 
1488		4		4		625 
1070		50		21		625 
1590		222		241		1272 
39			280		334		1252 
1221		52		19		625 
443			99		128		625 
466			214		239		1259 
155			234		223		875 
1572		125		104		875 
1442		228		237		1281 
1259		320		283		1257 
1135		282		311		1255 
1245		233		215		1260 
395			145		163		625 
871			300		336		1276 
1019		154		186		1253 
1413		72		132		875 
1254		270		215		1260 
7			197		193		625 
1219		329		329		1276 
886			245		255		1273 
1696		33		67		625 
770			227		246		1280 
1081		119		102		875 
233			280		309		1252 
548			145		201		875 
662			202		168		875 
854			79		74		625 
901			99		76		625 
445			143		205		875 
1198		33		24		625 
1206		302		313		1275 
1810		81		120		875 
1064		130		80		875 
1166		341		344		1270 
109			17		43		97 
233			248		257		875 
544			171		201		875 
383			296		288		1261 
911			142		154		875 
913			38		5		375 
910			2		56		375 
1497		319		345		1305 
723			41		60		375 
936			191		193		875 
655			322		348		1298 
1993		241		226		1278 
757			322		301		1286 
676			315		285		1260 
1676		324		346		1306 
206			285		331		1254 
1095		140		155		1252 
497			82		107		625 
453			234		241		1261 
1834		183		205		1259 
1893		6		64		625 
656			68		67		375 
1431		161		181		1286 
683			140		208		875 
1079		89		132		875 
1429		253		260		1284 
1587		213		272		1257 
743			262		241		1281 
910			9		0		375 
976			236		264		1255 
1136		338		317		1267 
1465		100		126		875 
817			331		329		1286 
161			123		96		375 
1848		301		281		1254 
432			66		52		375 
67			252		261		875 
1784		96		131		875 
1753		67		38		625 
1776		45		58		625 
259			62		38		111 
1567		35		43		625 
103			271		268		875 
722			311		342		1300 
1240		184		155		1277 
243			209		145		625 
504			213		270		1257 
1680		103		107		875 
160			226		215		875 
1697		100		84		875 
196			132		106		375 
876			6		46		375 
1469		223		212		1255 
1468		27		48		625 
164			293		326		1274 
1208		183		207		1255 
1183		7		28		625 
667			44		45		375 
392			121		71		375 
583			264		240		1277 
1655		255		239		1292 
1538		199		197		1269 
1658		74		133		875 
1436		187		177		1289 
1947		47		47		625 
1315		339		345		1287 
1379		165		185		1292 
291			272		253		875 
617			66		42		375 
48			199		182		625 
542			165		196		875 
1662		83		129		875 
510			131		91		625 
1198		96		96		875 
1752		13		24		625 
443			277		234		1255 
614			62		49		375 
646			234		246		1290 
687			321		333		1304 
1157		18		11		625 
1470		128		72		875 
1721		258		244		1287 
155			345		333		1285 
170			68		53		121 
1892		327		334		1306 
630			333		290		1269 
1613		192		182		1281 
1604		273		252		1262 
320			234		255		875 
1044		62		43		625 
1799		50		42		625 
92			7		35		111 
926			274		266		1261 
475			99		118		625 
929			66		59		375 
1395		231		223		1274 
461			151		206		875 
1200		7		59		625 
1294		53		59		625 
161			323		307		1281 
1106		170		206		1257 
1732		277		262		1255 
1999		290		300		1269 
1688		207		195		1255 
539			58		53		375 
1437		341		315		1300 
993			208		155		875 
1542		269		278		1254 
1855		337		296		1278 
523			145		180		875 
301			235		278		875 
269			13		28		102 
1702		1		56		625 
839			101		93		625 
1999		227		267		1273 
1363		344		293		1274 
271			248		278		875 
62			320		326		1261 
1479		231		271		1266 
35			186		175		625 
1234		230		254		1278 
340			293		306		1274 
1941		345		333		1306 
1960		236		232		1288 
269			193		205		625 
1453		210		261		1252 
1075		14		8		625 
1988		90		103		875 
1608		326		305		1292 
2			186		185		625 
1536		262		228		1281 
1533		139		84		875 
40			172		196		625 
1028		318		342		1254 
151			63		36		113 
1139		345		281		1254 
1785		327		284		1259 
1691		329		313		1303 
369			222		232		875 
1345		25		63		625 
1741		330		332		1306 
1009		230		278		1251 
1311		218		237		1265 
935			42		51		375 
1344		326		284		1259 
1210		40		12		625 
1371		127		90		875 
542			344		319		1278 
944			203		183		875 
432			13		4		375 
106			49		68		121 
1936		300		342		1285 
257			266		216		875 
408			333		288		1252 
1043		25		16		625 
16			99		98		375 
303			275		268		875 
1036		340		320		1255 
750			128		89		625 
1367		297		347		1280 
1319		245		238		1288 
1433		190		168		1284 
1063		16		26		625 
670			195		155		875 
457			238		211		1254 
15			307		346		1286 
511			279		271		1252 
500			176		202		875 
1435		79		116		875 
991			61		18		375 
453			276		270		1257 
1112		237		239		1264 
1689		193		201		1266 
1943		34		54		625 
901			309		346		1270 
402			129		70		625 
485			196		140		875 
766			342		312		1295 
922			143		165		875 
1650		95		104		875 
1150		336		322		1268 
1038		319		285		1255 
387			200		182		625 
407			135		78		625 
1325		326		291		1270 
1773		84		80		875 
811			246		253		1287 
1630		197		155		1273 
1047		325		295		1256 
1682		207		205		1255 
935			90		91		625 
1342		276		219		1257 
942			254		247		1262 
1623		264		215		1260 
781			306		346		1292 
125			159		208		625 
121			299		313		1283 
1034		67		11		625 
508			182		204		875 
262			49		6		113 
415			95		114		625 
1267		61		17		625 
664			165		178		875 
552			134		103		625 
1149		286		346		1262 
1754		249		261		1282 
1385		243		220		1269 
1173		42		63		625 
1533		193		189		1279 
1796		345		312		1302 
1304		153		175		1274 
623			128		136		625 
315			159		199		625 
795			349		342		1290 
1110		227		237		1264 
855			104		118		625 
839			243		227		1280 
1232		169		143		1257 
1661		101		112		875 
1536		290		344		1269 
1822		309		317		1298 
578			152		182		875 
1004		257		248		1251 
1938		172		187		1289 
1728		146		158		1262 
501			202		170		875 
1718		273		243		1262 
751			0		10		375 
382			3		67		119 
1343		32		11		625 
1380		62		37		625 
655			35		65		375 
147			103		79		375 
1964		1		10		625 
1942		132		131		875 
486			261		261		1268 
69			50		52		109 
667			270		257		1268 
348			241		242		875 
1146		75		129		875 
284			203		174		625 
1938		172		202		1264 
1303		71		104		875 
1269		88		71		875 
1122		14		47		625 
1420		156		140		1252 
1865		229		234		1283 
1005		188		157		1251 
1788		187		191		1282 
86			52		58		105 
1975		141		161		1254 
1067		319		329		1259 
78			112		114		375 
1273		81		110		875 
672			250		247		1299 
1348		134		118		875 
1916		181		178		1297 
603			157		173		875 
1770		47		29		625 
363			176		148		625 
525			255		220		1269 
168			73		115		375 
1019		119		96		875 
1304		67		45		625 
1296		91		97		875 
1053		93		105		875 
340			99		86		375 
1801		9		2		625 
646			183		171		875 
322			73		96		375 
539			30		14		375 
53			44		56		121 
926			335		301		1265 
377			194		183		625 
1247		261		276		1257 
552			192		173		875 
992			87		76		625 
697			212		242		1255 
1251		226		248		1278 
237			13		14		103 
852			311		311		1280 
795			243		232		1288 
620			15		57		375 
202			182		148		625 
825			333		325		1285 
1696		128		131		875 
1497		302		336		1288 
943			333		291		1262 
1813		321		280		1252 
1317		327		312		1287 
318			86		98		375 
1276		39		25		625 
222			208		163		625 
1532		213		273		1257 
128			103		112		375 
1478		0		0		625 
310			195		193		625 
1388		236		218		1265 
1666		244		235		1292 
1024		161		159		1253 
1061		326		315		1258 
761			136		114		625 
806			58		19		375 
767			10		34		375 
547			337		286		1262 
1501		78		134		875 
1601		168		166		1293 
1900		279		262		1252 
1511		126		77		875 
957			158		186		875 
1638		119		84		875 
981			20		41		375 
1033		176		173		1254 
1476		181		152		1272 
933			324		331		1264 
1161		256		255		1270 
1147		292		305		1268 
1161		327		327		1270 
1403		325		297		1280 
1077		150		145		1260 
1361		37		40		625 
1757		58		67		625 
1536		330		334		1306 
295			340		293		1274 
310			107		79		375 
1824		188		140		1252 
198			168		141		625 
696			51		28		375 
267			165		178		625 
742			213		258		1257 
1649		26		13		625 
1719		168		178		1296 
517			77		103		625 
1687		171		199		1269 
1676		289		283		1257 
68			214		235		875 
547			329		312		1279 
1664		18		48		625 
1521		220		218		1265